66415,550946
66584,557965
59717,575538
61860,551446
63569,608046
58810,557588
58201,546191
60467,574577
57202,518313
60473,574591
57772,587566
60201,574722
62796,574625
60726,536961
60314,574795
67191,571761
61218,570393
60003,575310
62791,593892
60196,604428
59185,569051
60144,572693
62971,558104
66143,603567
59755,556737
60118,582584
56270,570596
60510,563429
60721,575069
56882,570203
61248,518009
58924,573777
62557,551084
56023,500154
62622,569687
61066,551701
59742,569940
60058,599535
60416,555003
61387,550423
61731,551945
62572,579460
60630,566708
63855,558807
58217,630383
54405,577786
63129,578351
56157,621747
60497,574773
60528,556134
61791,592293
55590,640401
52655,509417
60384,572396
59863,619900
60335,589262
65745,567754
61427,599251
57849,631434
64517,595209
68801,533535
65647,573007
54002,563888
59741,538362
61354,574733
62869,542447
60415,574191
60312,497987
60585,533310
59617,529556
61033,552628
59818,531473
62043,511694
60020,622079
60302,577991
51561,540643
60654,574376
59349,623110
60708,595500
58372,563146
61604,533807
62445,584622
60443,574666
62570,660145
60137,579831
56514,557305
63941,537903
61279,537497
58365,652182
59980,596484
60525,573272
60673,601356
61104,571814
57544,568511
61632,529516
60592,572533
60928,586782
64735,579190
60692,571420
56292,559223
68035,620811
70710,601463
60429,574368
61491,600946
61150,503220
60378,574474
55174,588768
54603,570429
56919,559307
68871,568754
60406,574091
60680,572101
58859,622592
61384,534167
57626,547239
59707,568196
60133,571609
60601,569426
59339,559764
59316,622725
60979,532982
71264,607541
58504,505097
52596,565687
66032,585901
60760,573951
60400,573587
59148,571087
61386,585089
64546,660478
53857,654649
55542,604551
59762,586226
58609,567445
54523,539822
64908,575733
59912,616977
56376,559454
61771,613939
61886,577243
56718,560044
63662,533309
56036,567914
59501,632844
60587,550640
60435,573425
60067,599545
59689,579476
61494,540976
60441,571400
60369,573585
65819,568743
59875,582942
67126,590258
59331,534085
65798,453405
60855,590278
62300,508050
60190,569391
64103,593074
58965,640498
56756,573952
55907,570088
63943,588155
56660,537592
56857,579335
66065,615038
66763,571164
59679,529933
60611,617846
61606,590779
60287,527864
57133,594145
60216,543919
60510,573307
54664,560043
58519,555011
65174,589474
58911,536573
58205,543124
69096,555952
60903,552436
63212,541413
60344,630598
62826,616214
57724,574073
60409,574392
60791,576556
60066,638890
60011,539079
63118,565466
69564,652231
61944,567491
61319,571942
56742,580005
59058,623314
60628,670243
58517,574133
63496,579020
61461,574437
59306,579188
60693,576409
60658,573873
59408,629464
68369,581516
60153,577183
60305,589818
61656,619007
60746,477085
61158,572630
57971,568354
60288,595245
60003,557139
60591,579526
57977,568698
60632,544357
60595,573728
60614,575076
66747,570571
58004,565009
59780,576113
61026,574422
60385,575180
62436,532153
59987,591110
57716,617095
65840,611332
56346,480559
61098,522819
56942,567790
62772,578737
59280,584539
54078,626497
59182,639096
63732,549567
63807,629421
61131,560757
64710,573853
52299,595581
60118,531825
53379,564377
64903,528813
62097,564344
62240,583192
59702,642918
55129,576721
60876,610525
69795,614701
65828,582264
54663,599204
67256,564468
63650,587401
69614,548705
53355,582247
52680,551524
55303,606418
69660,603624
58896,597435
71613,621721
60852,586311
55737,567033
58999,610890
58934,563119
62441,515911
56548,551512
58489,574666
58277,542670
63939,576728
60829,573748
66357,586265
62808,562986
59742,554767
59519,576508
65810,572250
65952,498474
60641,581386
64197,577433
58746,564953
58918,595099
60188,573083
58056,528916
62172,578003
55881,576255
62021,574468
59401,570095
54197,512639
59384,578685
60266,575857
63144,561156
59648,567449
61131,581584
56854,564911
59386,572987
59701,575588
57880,573582
67375,594081
59271,553958
59402,586701
66850,563937
62953,537542
80153,318482
80166,318542
81404,332998
80047,321640
75747,224976
84453,424646
79710,316002
77995,271501
79720,313318
80132,316240
78366,262902
80613,312752
83065,368694
80248,335269
80191,325434
80806,337340
78983,304422
80360,327255
80086,312968
80223,318526
80395,315173
80012,312312
78092,285057
79724,324588
80155,320544
80918,319115
80193,317202
87080,476330
82032,352701
80109,317509
79852,324500
80523,318655
80337,311620
80144,323812
79731,317527
78822,301915
79039,300024
81713,349925
79778,301470
80463,332333
80871,330379
80211,320817
79637,309563
81976,346596
81460,354382
80056,319364
80208,313456
81440,341234
79660,319691
77613,248465
80346,329093
80264,317894
80955,327365
79532,311178
83045,393096
77841,260729
80004,318331
80281,320130
80273,312234
82391,369439
80338,318982
81286,346251
79890,324420
80044,331643
80744,342555
80425,329956
79759,302109
80344,314797
76550,240340
79552,315510
79464,313497
80871,335740
79093,305223
81685,352965
82622,376658
79529,312036
80868,332209
80959,344872
79927,324108
87818,487392
79847,322218
82482,367091
74676,205186
75670,207223
79548,287279
80048,320713
78349,288029
79716,306135
80027,316170
80682,324616
80285,314938
80080,316615
81317,354777
80158,319814
79740,315778
82384,368410
81139,343836
80105,321833
80403,306622
80378,334441
83417,386159
80278,313853
80729,347456
81711,336333
78663,269352
82462,381716
79741,319840
80077,325023
80662,318966
80084,311838
76938,259892
79727,324228
80740,325526
79583,291870
79832,319665
80537,313397
79073,308028
80066,315995
79520,316433
80905,345541
80845,320117
77989,279572
78264,275308
79756,321799
80175,318110
78764,297715
80740,314610
80067,310656
80039,301473
79557,310093
81415,335578
81191,325091
80698,316680
77560,274485
80013,327081
80651,313841
80379,314893
80201,318315
82678,377676
81410,344096
80435,309671
80701,330432
80377,334756
81741,346944
84192,398948
81614,349032
81862,370753
78624,292352
78416,285702
80539,319676
79077,303642
80327,319525
83318,379714
77302,251826
80160,320399
77896,282290
81431,333112
80508,323708
80108,318049
79972,318884
79805,316113
80617,320301
76987,257669
82571,373098
79198,298565
80138,313545
80487,317801
81090,332925
83827,395673
81054,341180
77797,252419
82025,351165
80199,319385
77943,281959
81025,323873
79482,309589
81428,344223
83265,373469
79414,306704
80204,319504
80419,320706
79898,325682
84046,402858
79991,323363
80411,328544
80435,320802
80305,331037
80303,325811
78415,283760
80044,311497
80200,317772
80347,319069
81127,335577
80333,315488
80003,317963
81343,360446
80069,316789
83812,404012
76499,249477
80031,311699
80684,320541
80546,317833
79830,312788
80265,316263
80145,320080
80130,318213
84088,397888
82952,375007
83080,370801
80497,334141
80401,316083
80848,317021
77011,241615
80433,319006
83366,389733
79783,297329
79495,309980
80123,307078
80955,342258
79461,305632
80925,345634
81150,355939
80130,316893
80337,318247
80470,315881
79700,293194
81379,334609
81296,330224
82604,374236
80095,322309
80340,317316
80225,320673
78311,265635
79863,317300
80148,327644
79861,326404
79900,302014
80253,312497
79979,315080
79389,313943
80469,332987
79385,298525
79695,318633
80065,320227
80178,318992
80597,320805
79691,323332
82090,351763
80840,318841
76528,249459
82421,363776
79898,311092
79717,310439
80058,316980
80383,310353
79628,315582
80114,317601
80166,318423
80178,318281
80337,319212
80393,318781
80619,337849
78958,287700
80158,318947
80425,331304
79966,316830
75978,229116
79902,326404
79368,312065
80632,315242
78623,267976
82115,366545
80190,312794
78250,279930
80362,319323
79499,291216
79466,315069
79929,317500
79824,324160
80440,337683
81811,348676
81050,336169
79356,285392
80132,315779
80864,326320
81364,328765
80096,317165
79711,302781
80243,322048
81106,333595
78671,283364
77395,239849
80370,321815
78311,289805
80023,316652
80742,317527
79794,319734
80503,317469
80116,322298
84669,429031
80149,322249
80608,326636
81065,329468
80131,300606
80039,309948
80163,318965
79919,314215
79525,296488
80769,320548
80046,326821
80117,320442
80978,326904
82658,366934
80442,312164
78800,292268
80118,316191
37827,816341
40623,813072
40147,785370
44865,847994
43444,822866
36919,734895
41324,771595
36941,733394
37856,789670
42419,780052
41599,776671
42135,799127
43265,783776
38303,788008
41437,771258
42526,773661
46913,810971
44297,803024
34707,803582
41279,803180
35287,807952
44228,755194
41643,786159
41970,793447
42296,821595
40000,789447
42958,775621
45756,788245
41541,785827
38955,750700
41559,786499
44344,783977
40479,749210
38939,730768
47348,847098
49161,778997
43748,785130
45257,848127
41719,778243
40598,787439
43756,794323
42031,794333
41896,746595
46942,822619
39768,762902
41814,790096
40728,798870
36031,778673
47379,795167
44519,763833
44653,828924
41001,732704
39654,815936
40769,718592
41709,792545
44226,754050
41152,784658
40781,765816
39402,803914
48113,781413
39611,794614
45853,786673
41972,789724
42447,781552
37772,727349
44833,789445
41222,787450
40874,824896
41701,774869
39527,786698
41254,806622
41210,735920
40702,787385
37666,815936
39654,784388
50853,830710
41401,816460
44078,782395
43695,814456
39375,750953
41841,795929
42599,787029
41456,787355
40871,803987
37785,811790
41716,792321
46037,780609
38887,746909
39564,808571
38643,791388
44066,768761
43843,730300
37083,727884
42291,781112
39155,789079
40266,814060
47436,812039
40617,760860
46376,793154
44630,796523
40230,786873
41394,786971
42505,790566
41692,785113
42402,737453
41744,782955
41567,787824
41601,787562
41751,787648
45923,803720
44783,819282
41819,851439
41739,771537
44141,780207
39963,751940
37336,784232
41922,779215
43471,808225
39766,792218
41202,773494
40750,803363
36514,790525
45932,805961
42947,860855
48012,785580
34491,702496
41096,770451
40746,791404
42047,750495
39774,792207
40842,771823
39780,749559
42604,825049
40756,766203
41431,828815
41061,765111
41238,784064
40633,750353
42241,754048
41603,730594
41451,793966
39847,822297
42437,721868
40389,792420
40090,772920
40236,782997
47291,830363
41862,840463
32900,727685
41861,811618
42535,745471
47092,770669
40059,790903
41285,774986
49241,829655
40007,749617
41767,785965
42472,768456
38641,801444
42668,788562
43074,776261
40571,781619
42922,787348
42785,762201
43408,785264
47351,788780
41238,777312
43068,844506
40914,811927
42219,724557
39218,713763
41267,786951
39914,784376
38269,749680
52751,831478
44851,805219
43077,770145
41355,758080
39214,769924
41685,794023
38971,772742
39849,776720
47372,807244
38941,788256
37723,790154
41556,784464
45679,844976
44433,820061
40435,783919
45315,776082
42501,759577
41589,775793
42008,787815
50661,858859
43664,859634
40352,785432
40140,759648
40385,792473
36739,701756
41245,784453
38212,786262
41688,786845
44886,836781
38382,808301
41424,796590
45733,789952
39627,785999
39028,789593
40941,758123
39756,815245
39713,742547
40289,801910
38525,791581
40962,833942
36924,797068
46094,779073
42314,737571
42050,788730
42273,790806
40149,790336
39401,799506
38514,796221
43024,781020
41677,806826
42579,795608
41148,837715
43398,765343
41580,783594
41702,771194
41527,775605
39116,811977
40535,762342
41486,773921
37177,814715
41563,805010
38795,813315
47269,802678
47193,844046
43289,815223
36665,802105
41172,717873
42611,814461
37599,806621
38556,718324
37557,809249
43795,784801
36385,784086
43013,818594
43508,791564
41403,742189
42561,793420
43979,740773
46710,817914
38763,749416
43000,765803
38422,784381
41714,822655
42737,819417
39958,792459
47464,778810
34569,788190
40951,756149
46978,780552
46822,827985
41495,852935
40970,750741
44282,795974
45955,818479
42331,813081
47614,772131
39197,789416
44864,813885
49665,816784
41033,767856
43016,811490
35746,797530
40422,785798
44636,763341
43951,758221
42414,743433
47006,771204
42118,779726
39661,801039
39470,739061
39491,755947
42595,788228
40828,806161
41952,778231
44195,785934
40981,836083
39581,788858
42277,808328
36395,810632
42294,804253
40762,771304
34793,797148
45755,795861
39427,837428
44567,768552
41635,786189
41948,804779
37617,795539
34937,805118
45656,743012
48440,809641
40332,717870
39279,817694
37262,772258
46175,817277
48918,773934
42738,815258
41815,819422
43703,755506
41644,783624
77781,751059
82397,725025
74972,781756
87516,698897
82819,742074
80091,749332
83116,783383
79301,764859
81046,706465
80354,754792
84466,654835
80396,731228
82306,733789
82215,732296
81138,723618
77993,774397
85476,713941
80345,735855
79071,745884
81565,733433
84128,701474
83205,751330
78603,701427
82483,704997
83288,781206
81806,797960
85762,709386
82858,652430
83672,737798
77600,780347
82409,714042
83058,710990
86218,735684
81513,704478
82847,655405
78483,771499
88036,706363
76748,727417
82507,734215
81378,738344
84086,737972
84094,739611
82827,762021
82288,728314
85488,769396
82962,732301
83542,731189
81833,800932
82341,701523
81215,689907
82996,699565
86156,661642
81695,747629
77452,757135
80357,712231
79805,714380
88178,727577
85886,700187
83499,728517
83912,736259
84104,738224
84010,728839
87454,686096
86233,747768
82025,714625
81786,732248
84472,682981
84648,719360
79366,724513
82190,732848
82646,646980
82035,748217
81454,707227
83822,766380
86947,745767
81605,733183
80117,737548
84878,748980
81410,723255
83803,749612
84027,725456
78960,714058
82716,708345
78944,738035
83503,668528
84815,741869
81609,747764
80151,761094
82267,689090
87367,734440
80815,737136
75582,751858
81469,729209
83275,707452
84826,762550
79990,784535
80267,727804
82814,808738
82070,705318
82459,741664
80447,747122
82310,733302
83951,728923
82771,732798
85164,721350
81639,711340
79800,723995
79061,738038
82190,728448
86575,723314
73529,814058
87771,703850
79299,685472
80991,762429
78938,712210
87922,655497
87693,684572
81943,735945
80792,730950
85045,764015
81174,766105
82476,761114
84858,789052
81223,739235
87353,712802
84259,716861
83279,734777
81764,730018
82432,744720
77769,798253
86849,677155
80565,698630
84034,790707
79695,726378
83258,782799
81744,709397
85602,730586
80508,762512
85462,773470
84609,651306
79694,674692
82719,785316
81820,719382
79520,786424
81777,724927
84651,683647
82508,746712
82467,806300
82261,735941
80539,732659
82325,732088
85037,739749
82133,733356
79678,724615
86242,741010
82569,703854
80087,672603
82539,715780
84391,730036
82023,732928
84857,703697
82551,738284
82036,732364
82202,749214
83771,761480
87172,685520
85090,720163
81677,739989
82210,732911
81545,755486
83564,756631
86862,737331
82599,730652
81725,730254
87790,722361
80844,729985
79147,751113
84165,764836
82542,732758
75121,828365
80470,788001
82019,734233
86999,705259
80977,663654
82207,711840
86613,717138
82937,718721
83758,763266
78399,732487
80023,732106
86256,719773
83876,652792
84934,713993
82829,715480
82125,750089
87464,729921
81905,729125
81701,729596
79780,715342
83851,768484
82939,724900
75484,796342
87869,739021
82190,732077
78649,759000
82398,687499
78798,741203
83933,726322
82242,727248
85441,725575
78835,737539
83858,700545
84042,762290
81739,734126
80791,737341
87228,750708
78816,702817
83622,709204
82229,786837
88889,702505
82262,745025
79512,696429
83223,725434
81559,689874
84357,784897
83371,758772
82247,780882
80110,759330
84175,731595
80877,732990
82253,758955
81780,715863
83797,728814
80120,755177
81962,810748
81473,734183
83208,716249
87650,659112
82385,749355
81973,737829
81875,743887
81197,664520
80152,705057
82703,734324
84389,721571
81046,735109
78236,759352
80117,715857
86692,716961
82967,730398
85088,736810
78693,732999
76965,721159
80492,735492
87005,738900
81893,728481
85369,746285
80707,687932
75045,800215
82395,737866
83580,710711
79020,747165
81309,739043
80181,728106
82540,733788
82094,730529
82708,694553
82266,720677
76856,762193
82311,733720
82107,800206
82853,731300
82075,738235
78126,737962
81943,662327
83350,744564
78955,731946
82284,763117
77555,719683
86508,713697
82045,729132
84954,738979
76226,792243
82146,700760
82401,753991
80336,698753
82358,728083
79635,710294
82008,728310
82913,735488
82345,747394
81854,740451
80962,734937
84176,777572
80218,751958
80387,675499
83006,739162
82414,729074
85273,769968
86676,753547
81103,703822
82541,734466
81661,770855
78622,765634
81726,733788
80945,736879
75742,774445
81825,731938
78802,765562
82361,734216
81229,728049
83754,696979
79791,694723
82222,742716
82189,732158
79723,713358
80025,733812
81331,737376
86095,162251
86038,157731
85736,154639
86339,126214
83909,159543
84924,164090
87599,133950
90593,150106
89583,123485
81807,108536
89897,198452
86908,153957
84965,143827
83429,161575
84423,153197
83512,212354
82817,155649
87541,128878
85096,156224
80081,176612
83262,150748
87686,176593
82619,172906
86267,188399
83997,154358
85433,135067
85523,141357
85053,160159
86844,160118
88871,205560
86418,161232
85128,156049
87582,204959
84037,155757
89234,149050
87352,126426
83643,200181
82649,142732
85492,159650
88353,210648
80742,168787
84029,118907
83460,213597
86405,139325
85645,117143
85797,160214
85004,108829
80493,148980
86437,150149
85858,150101
87024,121460
85565,162100
85017,127908
85005,157848
82800,145089
86199,160156
84953,157510
86712,168762
83814,156770
84764,164348
85634,158150
86060,152843
86928,168662
83832,185708
86098,140320
82922,143653
86605,172932
87155,194747
86548,161762
85184,110475
84625,154064
83608,178429
85970,202806
84993,156042
89412,202052
86432,170593
84810,161786
81761,181929
85805,196183
86124,161722
88579,172115
85057,157049
87712,161227
88386,111281
89169,170415
80239, 87835
86275,157988
82418,167369
81312,157130
84033,164912
85804,178196
84625,145306
85851,151301
85128,153750
90500,164126
85730,139276
84558,192916
89524,150977
86399,150435
86264,159379
86163,169376
85893,162874
91202,160368
84282,177832
82456,133679
84228,175525
86084,155375
84109,188742
82142,153468
84035,169437
82780,189078
84473,164570
84781,114745
88726,166179
83015,134329
85092,157811
84727,121785
87059,149782
78015,136449
81437,132655
83448,173379
85242,159874
85401,157449
88337,158482
85021,110573
83645,151205
88121,172320
81323,139752
87125,140340
78935,159383
87369,156226
85883,149259
77886,140736
87205,122354
88209,161493
78733,144875
84975,167033
84383,170416
85066,157840
81224,177846
83860,140215
85095,157920
85970,156782
85475,190254
89572,126593
85783,170565
85020,164752
84530,150476
87742,134877
85015,155701
81925,201704
87168,155981
81801,140185
81529,167390
86408,171351
90252,162041
90806,146564
79932,106384
85499, 81095
84381,182032
88850,147016
87796,242679
85186,156896
82136,175823
81077,160434
84315,156573
84408,150085
83062,117906
83579,127898
81954,117296
85870,157931
85784,153281
87640,183646
84257,153072
84897,199427
86292,243856
85656,128799
83417,189042
87251,217570
86916,105039
81967,183364
84657,159002
89512,152283
83044,186055
79217,148539
85241,187705
85355,158012
92717,250593
82560,167750
84673,162515
87817,123364
88496,133900
86698,154415
84628,113820
87347,159567
87825,158631
88230,173836
85692,169071
79426,129843
85156,114049
86873,179354
92573,210388
86837,161990
85559,161003
84959,157084
86831,177001
80030,163436
82374,169808
85620,158811
88392,121705
85101,157593
87250,157517
85053,160136
81639,185056
85091,157772
81294, 85345
83558,147664
91329,162009
85817,137586
87278,154295
87159,185239
92312,170161
83701,215527
83570,176502
83701,154170
85917,143273
86685,129505
85585,134834
92428,171369
86015,113364
83673,162321
85077,162968
88475,154317
84968,125345
85446,159977
88356,161769
84813, 87922
82367,152154
84813,130674
84440,150812
86449,136669
87815,210496
85108,157432
78652,104976
86010,157080
86141,205239
82067,168154
83403,144156
84290,133992
84672,162060
87154,144135
84900,115373
85675,145184
83975,190518
86511,161302
84693,161313
84580,172285
84435,163402
88110,105566
87783,151890
83944,149778
86656,165110
84579,213118
81866,120458
83144,182864
90095,185733
83664,167267
87467,104851
84912,121710
88914,154467
85599,225023
85409,158510
85078,125678
85929,139834
82921,121494
83767,148639
85191,127963
84135,125628
84856,117708
89310,176595
85250,146551
84829,143184
82554,151495
88323,232031
86466,143614
80508, 96540
85490,149938
84709,176660
91043,171155
87874,188759
87178,158486
84129,155620
84601,160034
85596,193497
86092,110775
80806,134402
84841,183717
79172,162000
85210,134678
80656,140259
84742,161535
86799,162841
82803,149181
84940,170474
84196,150890
85094,161669
88869,143969
81386,188928
86499,159874
88110,152198
81169,188374
90036,153622
88576,151791
81455,164190
89562,178393
82979,205695
86517,173755
85045,155432
86421,216526
84877,111076
79119,164843
83416,140684
84390,219401
85732,143692
83814,159541
34069,569371
31596,587160
40565,622938
35983,554975
34929,557688
28942,559134
40868,562521
32131,574721
28656,547471
37025,585265
33996,562602
41091,614521
28357,563726
34719,591316
34206,570045
31733,556086
33579,541310
33045,568758
36679,582584
37869,591764
33998,565418
33834,566864
33847,563350
43205,613723
34006,550509
33435,578047
29677,572432
35333,592567
33401,562797
32843,532686
36592,571713
34324,564376
32505,581121
33088,579058
37864,579579
33911,566863
33329,597586
36704,553451
34584,561591
36693,581294
35879,547046
39357,579641
30439,545221
35397,578923
33700,589527
32773,559624
33454,579199
29711,556485
32740,548875
41389,564459
32604,553772
33781,558454
33390,532836
34054,568654
35848,554925
31806,581616
36775,578289
33166,570387
32151,561045
29957,572052
33963,536577
33999,544064
26867,508874
33296,569308
34504,566973
35222,602793
33393,537464
31238,555195
33418,558498
33532,562880
30363,570253
35314,580916
32511,556212
29431,563522
37156,547746
37389,555347
40704,577739
33729,565486
35781,572855
30415,566007
33591,566525
33012,570072
33921,538693
35727,551101
33478,565575
32615,563230
34590,561314
23874,551038
33117,551842
35252,566829
34167,560197
35474,552404
41250,594675
27702,536847
32220,547247
37561,553791
28806,561932
34477,570309
28403,566654
32444,567881
35624,549756
40442,577532
33682,562228
29359,522132
34296,582232
33886,561151
32405,590810
32833,541094
35773,597104
39253,593343
29866,568245
34337,575709
33886,563107
36137,552483
33893,567577
35011,535859
37100,555062
36861,554066
33179,529654
34423,573700
28011,522025
32865,564864
45245,597461
33366,542228
32062,564596
31664,553340
34071,563178
34995,535578
26153,525920
41100,607342
31713,563479
29702,574097
31992,524637
35977,568428
34479,578536
32409,580491
37390,558472
32190,573147
34172,576427
38637,606623
33858,543875
34157,558672
37161,570648
33198,568997
34132,565571
33435,556417
33048,571217
33895,572545
28908,565427
34399,585193
22578,529417
36556,547606
32082,519618
28699,529505
32151,569562
38880,569524
41179,581307
33144,551885
32595,573367
34817,569251
34423,530765
41915,577335
32130,569996
38637,574187
34209,561508
36668,562413
32165,538660
40300,613466
36330,553764
38492,582877
30455,568584
33678,538925
32799,571265
30326,531608
31364,523765
33788,558031
36016,553303
34003,561740
33863,564414
35145,565704
41276,593558
28347,532727
33692,557412
36647,594677
34345,570659
33161,565089
35452,573677
27670,559740
28206,560178
33136,567311
32191,573825
29010,571927
28197,518199
37469,563163
34019,567638
33858,563529
35831,559466
33847,564151
33820,566246
34290,582886
26581,540385
30408,576100
34796,563506
34614,560472
35238,592377
31868,528806
36936,561201
31004,533285
34431,595915
36395,609339
32858,551385
33076,552963
31255,520650
31585,573154
37938,567285
32990,579935
35220,548608
35767,548036
33928,588052
33033,568221
34155,562163
34192,569393
32769,543105
33599,549795
30235,534317
33258,566187
33075,561657
40038,588221
33791,562252
33654,565597
34371,559909
33211,594868
35838,556361
41588,584352
34516,579614
31639,537403
34097,564831
34038,600071
32662,534442
35686,545785
30629,551902
34757,565576
30258,571881
35242,557574
27900,521035
33502,553213
33875,563384
32403,577807
32797,534972
32192,527106
34549,579864
38509,599401
36113,551307
33288,533990
26912,508814
35005,566657
37411,546122
35028,559840
33552,567445
35079,535657
28900,520678
32451,522674
36484,571623
35181,574947
27552,559548
34877,583528
30896,523409
31631,570785
34196,561987
34144,538787
31882,565345
34752,587567
29374,544468
33498,572690
32512,564342
33014,546705
33633,563145
30235,545544
32121,569834
28515,520229
33502,565050
33227,556288
34101,545280
33964,561426
33863,563504
32495,565867
35358,554147
38518,556284
29263,520371
28917,571435
31094,559497
33697,563207
33717,557853
39690,591235
32444,567074
33337,557892
30036,565761
34443,529492
32587,558965
36764,556309
34455,554676
29721,546223
35592,577596
33134,524203
29293,558293
30634,523584
34196,586266
28243,560217
32625,549298
33520,585318
35156,573155
32236,530808
40554,600089
29676,528676
22123,538472
33808,560295
34567,579033
32588,560492
34512,577788
32985,564384
35393,570931
40961,575024
36505,545456
40478,557913
36872,598412
34409,575522
18261,346663
17146,348130
18653,330019
17724,292639
24868,383412
17405,358906
21524,289985
17068,343596
14450,345417
16568,356983
16844,367928
16515,343946
15971,352701
17578,341039
23348,289069
18902,366740
16857,350387
17027,306395
19277,350028
15205,345632
13929,314046
20205,322650
13469,350397
15965,381778
18809,324040
18323,338163
15698,430950
18275,435819
19890,372797
19851,325721
16134,350804
21049,359835
14199,331189
17078,373545
16644,363036
15547,345893
18638,363938
12933,360811
22422,376975
16594,345849
22355,323197
12275,434879
16658,349245
17947,342273
14874,359845
17750,332053
16022,380591
17886,370161
17000,370000
16435,347671
16996,368623
14586,363616
18156,358111
16491,350360
16697,341636
15318,277968
15550,355581
16083,347784
21126,396792
20325,362605
13796,354539
17406,357989
17960,408365
17650,351827
17287,347028
18050,330980
18596,359964
14607,316860
15295,321354
16319,331719
18691,361706
15919,309314
17042,316185
16204,316797
19500,354829
12670,351222
21306,290947
14061,350010
17288,352621
17015,343568
18680,334070
14607,288800
16929,348686
16950,411323
15286,407965
15604,295117
11758,391892
16398,344090
15866,310765
14111,351050
16379,345091
16036,353500
23567,300234
14087,334435
10823,373112
19246,388323
13374,308918
21620,437830
15694,339397
19985,316334
15949,331641
16784,341409
18243,365508
13379,360518
16962,365003
16726,399527
17772,352687
13068,363204
19819,344933
19773,355477
17202,342883
18556,342784
20201,337353
15739,346500
18205,424341
12966,341196
17318,355248
18249,310438
17038,339979
18209,321311
18569,338006
10222,374657
16588,364469
16487,349007
15912,340829
16827,374689
17849,373915
17981,342089
16260,363185
17390,362098
13358,348602
19063,357254
18650,369651
12713,379827
16914,355279
14012,346875
14186,324304
20025,306215
17437,363552
17002,347877
16565,338722
18636,351075
21302,338238
15522,357729
17161,435530
17558,365049
18785,381077
17107,293610
15373,360530
19904,270173
16588,348709
15942,300364
19746,378513
16127,347538
18608,330058
14373,279724
14289,329415
15697,424622
17487,362329
14891,338914
18732,377187
17576,380534
18507,362905
15855,354818
17467,345849
16988,343122
10909,326101
18785,354777
15390,353738
19024,329582
10298,382712
14311,345163
18898,367645
17483,411644
14422,344974
14682,297434
17184,343242
 9438,320888
15441,310120
17649,344679
17061,352610
 8164,360080
15360,379395
18397,355973
10544,361358
15857,361986
17757,319865
19889,322470
21697,296647
16665,350678
18910,333074
19871,303299
13709,384889
14430,328086
14245,343512
17831,318244
16888,353913
17465,393278
13080,354417
17643,350561
14225,329183
16547,377389
21010,333312
12945,321221
14470,375936
20668,342276
15358,352282
18949,356601
15939,351000
18146,326571
16297,335389
15769,334886
15416,353183
16560,362883
18223,333302
17698,354631
18351,374212
19109,341570
18457,360446
20780,354938
19849,326704
14926,341445
18479,392233
17443,319075
10712,325984
 7605,360840
15930,337993
14010,341028
16814,345638
15000,371014
15719,350343
11147,358647
15116,332239
17131,373473
17516,349454
16260,392531
16806,340249
17010,323164
12413,340448
14986,284721
16807,347343
12895,304971
16922,364545
19841,321418
18361,321788
22086,407358
15947,372246
17083,353968
16565,317602
13553,356169
16697,334724
15875,312102
16144,373412
15871,379013
18049,319750
12571,302114
19403,340466
15887,312380
16138,343617
16912,347594
16765,352074
12590,318850
21768,296514
17198,429306
21136,279794
15718,346842
18890,341194
14012,325904
11787,389929
16292,317643
17397,346514
 9853,355691
19495,372256
16484,287064
17441,372064
14909,352682
16632,352927
17851,370287
16933,348605
12298,334382
14528,391482
18591,363092
18051,368284
18122,347052
16828,309036
19825,335402
16092,347681
14186,328909
14791,328024
17826,330827
17823,346006
19515,317753
12236,357480
16733,332452
11536,305575
18566,404482
17785,352255
11306,317574
12567,360158
17284,351663
12472,459999
16906,348929
18525,344152
15562,262321
15820,315944
17127,361020
20955,326461
16016,362858
19072,336160
16999,409806
17946,361279
17266,388185
16528,425978
16020,303063
15569,368375
12451,325289
17932,321160
16557,305517
15550,372355
16679,318482
16178,324523
16880,351913
20651,355629
16309,350167
17614,353300
17948,359645
21395,352868
16404,346109
16956,346955
22535,318394
21496,358837
15925,343477
21977,330969
16987,340860
66911,354195
61368,399434
61739,392653
62924,364078
64107,424917
60953,388425
62936,398359
60591,379990
62255,391601
60790,403460
67946,399014
60871,373665
62349,399288
60121,370698
57498,407228
56351,391159
68771,379483
61604,330855
65302,367312
60744,403119
62024,397022
59921,391457
58747,424878
61392,394043
62432,392133
63588,384511
55987,401053
61775,401065
69326,388552
55993,403956
65585,416496
62591,402984
59521,391491
61749,379303
59865,442558
60164,436831
61711,374098
59105,389443
61729,386864
61646,394118
63038,376295
55877,390646
63733,414017
55678,409205
57747,384210
65005,432740
59506,328609
71444,433876
60356,410391
56235,383175
54616,423311
62653,394908
66382,416308
71091,464586
62431,398408
63254,389750
66724,417107
60830,377530
61135,393577
65821,436184
61503,402225
62813,406850
63239,363198
57511,345564
62578,441883
61889,419740
57956,428498
68632,364237
58624,396484
62324,399928
60921,362804
53721,376777
60531,394011
63497,450542
59541,413706
61303,419086
61744,397675
63330,366062
59262,446156
63163,337973
61963,395224
62033,398630
62196,409409
61844,372298
62978,426313
60868,374928
68064,375662
59183,438997
55008,442382
62033,396776
55123,401856
61717,414525
58493,344365
62263,456843
64998,408293
61371,382828
57698,392508
59976,409755
58407,398498
69551,321521
56138,355834
69160,397893
61067,449688
60011,413216
62681,372435
63629,360636
57038,393553
62670,401688
62410,398619
52332,404632
61195,360938
61353,395801
57648,397913
65274,406585
60319,371867
61002,444858
62972,405117
64842,422590
56277,382904
63882,411764
61776,397102
57992,379009
61069,396326
64260,374702
62162,397208
65932,404555
57623,462612
59862,425191
62350,420376
66596,449273
60892,385575
61157,407670
61757,386848
58986,418742
65332,396810
60507,372055
62313,408209
49926,398424
61933,401624
61929,397643
57887,420108
53357,355107
61593,426539
69019,475150
67351,390760
65712,386782
54994,372313
67585,410545
62658,415166
61844,404599
63878,399478
57811,395458
62255,361134
63532,420555
66613,430421
68972,465685
59360,445149
61509,383077
62459,417673
57396,434110
64288,403147
63438,422065
58238,428200
61733,369828
62198,394856
65182,468138
61293,398723
61335,407952
56277,437516
53321,366954
61811,400002
60934,448128
61534,413931
62398,368662
62018,400168
68763,439257
57392,449341
54727,403384
61931,361696
58843,446279
59292,393730
61532,383841
61187,422910
68194,370225
62081,396967
66215,385013
55493,347875
62865,321099
61962,399433
66033,393215
61839,348381
56582,395454
61768,397001
60455,393193
57241,403906
65919,384523
63206,367800
63389,404424
62061,395343
61517,397627
62429,333944
59368,316888
61731,374666
57224,349463
61923,400025
62162,390298
62210,371771
63020,338054
65414,407182
63759,420311
62900,392271
58520,336451
61834,397614
65015,402991
63896,486628
65520,411873
60233,433298
63070,388370
61742,397343
62153,390372
63136,450732
61840,404239
60139,453925
60394,361794
61942,396945
66010,414557
70034,335010
60818,416637
66116,404325
62093,385731
62637,349696
61468,367259
61933,401992
58745,401098
65234,321291
61795,395504
63680,424537
53388,333741
62338,387031
63295,385722
69501,449565
62684,367696
48820,420586
61154,411952
62124,368090
58124,362971
60874,363132
66217,420431
61566,405490
61744,366176
56039,389490
68578,409913
62343,400160
60909,437020
62434,403629
66887,388617
56710,437623
65745,365008
59195,378142
58895,437524
60766,447516
60860,418450
66283,420955
60589,428146
61523,317684
58893,366439
61805,357534
57777,434308
60655,458285
62095,389692
73819,371970
63466,446187
57169,449353
60565,447537
63950,371440
68456,380640
65873,399039
61815,384990
61886,398187
60338,403039
58525,415823
63950,438534
59411,399331
61947,400592
57157,375257
65929,373975
60328,449307
61019,394579
59050,418472
63090,404643
59172,406549
62156,397789
56318,367521
59387,444161
61605,371666
62767,395601
60819,447380
61673,397973
65012,324477
61692,398697
65085,460072
64215,345545
60136,411415
60470,392288
72190,378957
61941,397644
57104,347389
65919,459637
62997,400626
68848,383589
59805,438963
63524,356290
60589,412428
65664,407213
61992,406713
63006,372798
60000,377908
58916,386733
63049,379017
61867,377015
63961,388524
66940,415893
68160,436537
64996,371445
62900,417990
65888,390135
60540,427914
62989,414975
62177,364695
61072,418243
60159,388540
61564,429323
62720,402647
64396,366316
61487,402442
60648,420054
66848,358452
62871,434772
19646,887983
33597,846828
27239,837600
21116,825505
22643,837646
21968,859997
24208,844255
21355,873714
24514,845719
24799,878582
28357,809069
22467,859348
29821,820903
24546,859425
22270,824909
25092,819639
24920,801933
23059,874855
23409,876039
28676,862152
22478,866804
24502,849247
26362,851699
25019,825417
23126,863308
30760,840195
27663,875623
23039,842538
27407,798617
24793,831010
20992,850026
30072,862728
22272,770963
23950,885057
29156,845450
22112,832810
19425,914691
22892,855040
26462,808661
22591,843329
24022,843932
27660,823311
20485,810013
27832,829095
24604,846189
25103,876118
28525,848668
26094,889692
24592,867228
22100,870506
29287,896822
26189,897475
26972,849664
24394,843256
24937,872804
23712,856814
25747,849587
25370,834676
23808,830689
22599,869734
23178,799444
29689,901182
23460,822462
24147,860854
21986,842635
23590,856563
20721,878249
25694,820470
20459,863162
32527,866433
23934,814789
18789,871219
25997,862559
18975,865463
24570,844466
18848,870646
30591,854818
24244,851797
22713,824372
22997,878786
28197,825246
24116,845204
22584,874086
28407,905181
25897,837353
24197,840749
24560,857160
22736,836593
25792,936947
23768,839510
26779,847911
20755,772091
20156,881003
26512,820661
27316,852766
29021,818593
25648,868899
27139,862063
25195,886571
24925,856047
26828,878265
29537,861990
25631,818886
24647,842932
31466,849163
29897,774144
19288,887667
22781,900986
25000,859517
24985,844975
21836,851387
25258,806474
28301,850861
22809,843338
26698,825990
24138,844402
29405,878220
25333,750941
24141,845029
29432,807584
25785,846423
24821,886338
21684,737568
24474,830888
27705,860813
27992,805957
23504,823732
23852,842928
24645,883061
26059,827955
27455,845338
24525,907991
29982,866288
26112,804153
24672,879602
24030,844341
22062,819091
26892,813783
23421,845270
18842,849785
24017,843940
16376,859386
19125,802651
22485,934148
26109,844962
22871,848090
18347,851724
20108,823689
11859,857150
26479,767716
31360,860065
23224,844226
23775,834092
22268,806314
24333,844022
19736,870337
22985,843917
24425,776516
22408,852922
30939,838744
27120,817620
24224,864253
23533,831592
23235,810798
25219,828023
26704,950249
24567,821691
24113,844374
24618,840370
26417,824349
26697,887963
27468,883097
24426,847060
25607,917590
25841,835432
24168,844256
28260,846165
22803,893055
22694,889283
26427,813041
13960,914203
22913,842806
23627,861302
26181,863523
20000,825237
31059,841778
24404,817710
23502,911236
25651,837094
23649,861569
25688,880721
25852,856273
23328,860085
25748,849037
26935,811847
22244,891438
22235,840843
23620,886769
17437,864697
15968,838958
23775,837381
24154,838673
25608,831969
24646,838071
20591,844377
26611,813259
24424,847589
24489,812192
21931,898830
25186,864044
23830,790723
20926,836661
24251,845811
35188,890475
27892,842054
24402,850132
24857,843156
22468,858432
21027,824826
22088,916718
24084,841609
25709,801567
23674,813868
33223,911313
28895,846991
23808,844799
23643,844100
29977,828655
24163,846949
23010,858332
25621,903741
25813,880184
23233,872896
18358,787453
26429,890923
21320,833959
22428,931476
26162,869706
29718,841456
24184,815141
30861,811021
22093,876605
28971,866638
23393,838374
22469,848663
24064,855514
22956,855332
24761,815836
23938,847822
25778,880587
24553,846331
22424,828996
22758,856861
24461,845420
21377,841758
24351,830743
24479,841688
21606,848623
29449,832336
24893,844960
26747,894783
22871,837572
26948,848608
24827,844455
23698,881080
22373,826580
23014,886583
26529,859533
18180,799487
24721,859012
26163,773355
26237,891499
25039,847577
22201,839774
23832,770068
20894,860169
23871,858826
24100,825301
27074,847836
23849,833394
31272,853829
28666,846902
26179,819395
25389,807676
24241,844335
13413,842630
16395,833732
25035,849451
29535,842293
21894,848326
20546,778884
25389,862843
24496,841126
20849,850615
22112,837878
27109,861412
21654,842952
25518,825960
25107,877802
26456,859237
22861,836717
22851,837056
19858,860431
21597,836025
25441,848090
16803,807011
29219,906490
24395,865415
26092,785987
24574,814541
31767,838127
27450,864723
23004,865536
23508,818866
17269,847721
22170,875060
23674,853169
29880,824277
26524,889333
21949,851932
24748,846372
28867,919879
22928,813483
28262,879222
30730,836132
23826,882489
21904,825171
21932,848396
24002,849354
21200,864463
24685,852483
24511,811283
24785,794626
25365,821946
24147,850889
21016,860529
20492,854068
22556,853078
24525,799882
25713,845851
18731,815820
29427,174786
32942, 66056
32593,164475
25312,154296
31983,170383
24021,118409
28378,178305
37661,159699
33871,181582
30428,183656
31451,146787
27089,175377
29122,101272
29117,110147
32152,163852
20262,179376
30791, 91419
31109,169734
32177,164846
29483,124284
29553, 91032
38304,180418
33857,192256
33789,175289
35979,165920
31626,163806
32097,170417
27786,111893
36780,123963
35935,162962
35096,149159
33220,181702
28796,150135
34694,152780
23278,169847
29249, 99170
33452,166765
36320,238649
19679,190277
35333,113156
37319, 88470
33378,151168
33973,163158
32182,187102
27679,141848
30804,164482
31132,159477
38305, 89061
31682,150304
31447,178821
31082,144943
33314,200298
30067,175844
33948,151261
31920,164182
32164,164662
30876,166511
30806,145825
36014,155270
34889,195430
31928,158983
33228,194186
29240,184441
36122,221878
31357,109221
31069,154278
34448,215846
35865,186358
33053,214555
32040,160020
26766,127175
39658, 82842
29219,125417
32412, 96346
32134,166633
23483,151054
36806, 76739
34705,150472
24578,109229
40055,144359
34321,153037
31548,160339
34740,155708
33684,172750
35701,148222
33186,169092
32214,165212
36307,162238
31873,182134
34671,178180
31181,140674
33203,157725
30198,173386
32155,163352
31583,102777
31227,145173
32586,203058
36070,150999
34597,148333
32021,191459
31866,158107
42556,163524
26442,188193
34817,179526
26543,151883
32071,158610
38060,185976
34523,188822
36202,150348
30029,178772
31596,174031
33378,189423
33734,156614
33481,137431
34749,153416
32451,167369
35399,193997
27432,219665
33547,183897
30002,159185
38459,137729
32000,162605
26893,211870
36614,196571
35628,185198
32576,164095
35048,214608
31479,163370
30258,134124
32885,147002
34703,195468
28953,145743
34301,239960
27112,163465
32695,154655
33230,189590
31052,141617
38028,205779
41160,137378
34819,165419
30529,175260
25612,141529
39093,170420
35856,112650
35549,224982
36343, 77975
23204,177614
24675,175170
32720,152871
37168,151612
29172,177824
32448,180658
34004,131847
29531,115000
23949,163949
26752,119941
40139,125431
26093,184935
33608,170252
29178,159562
30761,207295
35291,145624
29465,104623
37288,222824
31870,160697
28154,175184
30774,128551
33699,217448
27023,195701
43310,134861
31143,134432
37535,117180
31514,160782
31116,166821
30533,171939
33247,161202
30226,185591
37077,144355
31455,151035
34314,172236
33121,162496
29946,144708
38389,179880
34570,149860
33138,162660
34436,213940
37834,144880
32278,137560
32842,159826
34113, 78287
31777,154916
33626,148507
34206,119083
29717, 88467
28051,165350
30590,166656
28475,175853
28173,221764
32126,178491
34471,213543
31140,168232
35650,188114
30437,222294
27811,185472
24789,115217
30632,164202
31151, 94189
32374,163351
32177,158339
30950,166931
33394,143344
33939,209145
34099,170964
31533,144566
33285,168141
29095,168323
29773,175876
28027,182662
30654,193434
31915,159850
35516,114823
27020,236813
34763,120931
44653,180119
37105,147369
40336,215735
25820,153095
33512,214149
28378,133973
35395,133923
34506,165968
36707,183232
36393,228249
35413,161850
39053,157197
33380,148479
32534,159885
32390,168029
27449,182470
30968,150076
38161,157000
32284,169735
35952,132845
24961,144446
32162,169950
41549,116126
33574,196692
27142,251323
34006,152500
32773,163585
34607,220993
27674,143844
37704,182019
40005,131725
33224,172932
31038,171068
32756,158418
32444,166910
31721,163896
27040,183080
27751,151920
32496,170021
30642,145493
38241,110392
31826,171979
32124,141627
31819,170844
32082,165455
32902,204399
31106,219934
28712,192494
28357,109326
30874,199866
36949,164369
27072, 67329
27901,181792
28295,179982
30848,145929
32792,168535
32702,161396
37655,109320
24842,146381
32118,150806
31233,154488
26851,181514
28586,167818
27925,184486
30604, 66361
31821,180010
29397,197091
33804,233264
29386,241877
34438,183817
31625,171544
24877,111087
31378,177198
41553,110526
29616, 96874
31567,160928
33913,160334
29070,196285
30710,174760
32527,168587
32842,161604
33388,276840
30855,134011
32210,164171
30635,123397
29293,125341
28437,223470
33500,151395
26721,158699
34385,193618
29662, 93375
33498,143900
33523,180161
36094,167952
25784,193878
27528,212315
33179,143962
33393, 51121
32877,156501
31982,168353
29320,192871
32760,177638
33256,174699
34881,150017
31222,159417
32433,162686
32332, 93955
29197,127483
25877,106777
32536,134919
26726,153034
31242,170617
29335,175997
27545,190178
24434,185382
25284,181181
35792,192120
38272,263255
32604,156509
16510,543395
13990,592241
13270,557674
11431,601605
10246,533057
18593,554627
12344,594415
 9721,564094
11094,539533
10155,517715
13302,574572
14457,573936
13653,557658
17357,507309
17918,536028
14123,557986
15643,615117
 6916,631490
 3184,565765
14462,575370
15589,561715
13745,555339
 6838,574380
16629,521714
21049,526471
14831,584541
13533,552552
13660,562296
13630,569544
11938,620549
13921,557713
 8450,604671
17660,574552
10594,528795
14098,537156
13844,555969
12866,574591
 9574,602775
13946,557260
13044,562623
14788,527813
 5819,608304
15170,574146
14838,538149
14266,544976
14525,553486
14226,546135
20291,525966
19256,547558
17924,577011
18284,584262
14424,557674
13584,550612
10142,615890
14326,548387
11237,547679
13734,622867
13914,569516
12575,579609
 7710,512651
13807,556272
20254,601240
 1983,570290
11813,579149
20132,574588
11325,568684
13905,610320
17724,571940
10797,601191
13819,541774
22015,589643
13778,566189
13812,557230
 9313,613387
15462,576738
13152,568207
13696,565662
14288,556511
12500,540340
13896,558201
13947,569485
17147,576787
15713,565993
19829,552987
13607,547418
14016,531093
15600,502860
 6786,545392
13378,533275
11614,550919
14851,579793
17922,584189
14990,546909
 2976,557873
11528,602637
20656,574789
10865,521409
11590,560139
12737,549518
14169,530028
14164,557376
11185,531542
13658,553967
13751,556818
17979,483378
10556,584102
12584,520239
11721,565692
14071,554093
13903,593287
17288,571145
10486,608089
15836,537970
13852,534268
 6956,599820
 9457,528963
15318,562792
14759,513563
22322,546198
14387,536650
15109,518008
10931,531425
12720,525948
13774,618961
13873,557713
10991,565003
15806,525533
26009,530550
13444,557556
12165,599844
18899,563992
20721,589497
17983,547383
15233,529689
11218,530469
16690,503121
18302,545377
15265,569277
17211,513383
 9589,530846
14432,538991
16659,572855
10519,596017
16684,562425
11708,561455
14171,549576
11795,536156
12535,529954
14070,547367
13801,558263
13528,555664
14266,556520
11267,516997
13765,611252
11923,591137
18638,487625
11309,546732
17627,550602
15877,588778
14096,518168
14485,551807
15594,576199
15258,564548
16535,570715
12785,609681
25798,555707
14975,564768
12955,560106
15927,568953
15137,538387
12903,588495
15543,549012
17275,612694
 9345,514032
 9956,523174
14808,544056
16932,577938
17384,514665
13641,562926
14004,540043
 7451,527539
14668,562995
11087,562558
 9507,503965
13623,576477
14612,576624
25917,548593
10796,535173
10315,601002
15828,570550
20621,604081
11649,509399
 9743,598804
19327,538687
11686,550810
17983,541387
14322,522375
11117,539350
 9493,588147
13943,557410
13153,536658
 3817,532155
11332,606322
12390,508486
20175,569116
20666,575002
13888,529162
13963,565984
11047,594587
 7625,529394
16028,493497
16147,587507
14905,556986
22340,520131
15859,562634
14199,539522
13717,523482
16115,538355
13015,581286
14200,554964
 8624,559135
13088,557824
12796,538935
12213,568886
21059,589836
13984,552015
14766,559632
16771,562762
13065,555545
16538,518876
22199,575146
 8723,607429
15426,542573
19736,535989
13309,557996
15527,552551
13991,561185
14692,565933
14618,622188
17609,531921
18440,546549
13964,557503
17081,547069
15647,570384
14667,558942
13656,532130
16212,500069
12750,623654
18285,534283
14122,572556
17766,557923
20190,516078
13024,579307
16656,559687
13822,560056
13472,537440
12794,590467
14359,606949
 6497,538104
 9406,576129
 7928,554817
10319,550021
19882,538624
14575,562414
21158,591058
13945,549580
22022,592068
15040,539885
14276,538646
14391,595772
18441,537050
 5535,623076
13719,556522
13846,558771
 8067,566893
20366,577260
 9424,600812
14524,561042
 9445,533883
13020,562734
 9867,580608
13442,544300
14177,551655
14192,558399
13731,562151
14336,551365
19784,575524
13426,519275
12999,568115
17049,560892
16445,544085
12878,546091
 8870,577217
13110,568012
 9507,570002
23204,522748
12554,552424
14256,560090
11839,553625
13249,593125
16271,586568
12229,566921
 5690,586609
 4814,523870
10448,542515
13058,565948
18063,570302
24148,523039
17800,594957
21126,534538
13768,555667
14440,565666
10172,535117
11578,594942
10716,530936
13997,587153
17993,536588
10535,589239
11949,543146
14257,517378
 7666,531044
13769,556769
15496,554923
14251,559062
 9852,579761
16392,576666
15332,558408
26284,559590
10289,592834
13834,554238
19350,557364
20217,495076
15416,536416
 7787,516899
16347,561507
13187,552586
12035,560737
11953,551857
11410,540537
13605,558213
12178,564225
23310,591646
14976,577278
13923,548782
 3479,606311
14766,555514
10851,525986
50927,180548
49516,163113
47465,193224
50778,199578
56666,195255
50601,178372
54143,206637
50731,177795
46170,188438
50606,169723
47715,161019
50504,180646
46769,168082
51186,170991
50022,177559
46061,174810
57375,218049
54361,144788
50980,175714
54231,161882
47594,189337
51775,199025
52095,169184
55907,190770
41676, 96639
54938,208450
54914,171454
52088,200955
48434,202813
48747,166999
50472,174541
46573,114090
57026,188032
50558,176135
51473,189624
50058,181466
50409,192493
55311,165472
50251,205121
55179,221411
50273,174437
51318,177419
51301,141058
53556,177248
51455,176526
45003,169537
52115,152439
50551,203857
50992,184873
49027,216725
52993,180136
50822,220433
53446,178056
50855,174306
54536,210090
51041,142485
50789,177445
50628,177990
51256,224816
45416,102568
43711,148591
51900,160741
50917,178051
50767,147431
51356,229098
47336,185066
51758,170329
50928,174620
51049,174308
43886,114065
53470,244239
50475,150226
47413,199330
50890,173787
50965,149290
49095,124550
49963,194036
51585,148316
48256,159010
52272,184704
49307,189771
48380,198925
46965,153741
47004,102049
57696,187481
51523,149567
46947,189347
48467,123623
50955,186931
48078,147737
52303,123677
50814,167733
51545,173220
48937,172861
49740,125809
51417,139330
52080,176718
49900,205823
50977,148899
50511,141877
49469,176711
50133,163002
50250,176532
54656,151576
52087,209094
48689,175164
51224,169240
56969,182365
49138,122267
45703,127590
53545,200970
43664, 55171
52084,176291
49613,178113
50747,227670
50709,175151
49371,173387
52882,154067
50995,176794
50540,160422
47331,162622
48950,146224
51688,152451
50512,175022
52081,181586
50681,167031
49503,203929
50878,174256
50230,210265
51110,122518
48699,164803
53578,199735
54036,163758
49600,191010
49745,172375
48833,173837
54707,156969
50995,141698
51608,178725
53503,172649
52985,213114
49638,166644
51920,139101
57502,213534
46940,181944
46467,193513
49160,180519
47031,178936
48106,172555
50879,176269
49114,206344
48536,169229
47452,107596
49964,171625
51472,190943
47464, 81263
49599,160032
51696,174184
52100,163218
43458,123267
51487,182995
50141,172980
51399,165072
51290,219252
51073,121103
50952,174376
50786,172954
51271,181316
48342,111797
50560,147517
48262,171320
54179,172616
47364,178184
52076,250478
49400,189403
53393,173291
48511,150541
52867,199079
54569,174099
51749,186329
52046,173217
45682,105575
49538,156422
51493,219169
50898,168995
50047,169746
50451,149234
46714,147308
51273,174091
45279,156805
48880,197919
59388,210595
56172,168220
52801,201615
51442,222503
51205,145220
47205,129986
50795,166780
51806,137556
56111,219865
56331,215613
52377,163905
49003,164357
51942,154681
50437,165819
51395,139202
48642,178919
53335,147778
51103,221292
49606,102201
49649,171534
49725,171940
51889,165875
48108,151953
50774,178883
48622,196184
50903,173839
46265, 75167
51968,208378
49967,196897
48087,160465
52103,177084
48603,196122
50522,158750
48596,123023
47844,125560
50235,164119
50291,183059
49721,174121
53717,194410
50529,194591
49144,116195
47320,140745
50507,219082
54145,223176
52893,174372
52809,178343
52075,184923
53899,179328
50783,181513
49389,189627
51440,173338
51439,156592
51336,223841
44361,157237
47774,163845
48057,204150
48632,174643
50538,174535
54122,177840
52286,176818
49725,188783
54524,221008
51229,169608
57615,210283
50809,175066
54545,182232
53783,177165
50859,173640
50744,193647
52439,239456
52775,213985
52876,239937
48135,162127
54149,192746
50614,170513
49457,198972
47790,173288
50922,177592
53201,176195
54100,175198
49035,153464
56652,179796
55021,184337
51608,195504
52379,219588
51111,175212
44504,152257
49758,190801
51462,206979
47963,178459
49647,140337
49838,178069
50636,225237
51939,177174
52940,157228
50111,157402
51421,167014
55830,203307
54595,196749
50808,175697
58990,217899
50938,167302
47451,189144
49873,183037
47309,188791
47132,176297
51090,175806
55980,162597
49927,168413
51498,172608
51128,183247
45546,153040
51996,175210
53254,172894
51612,178722
51911,194925
50287,192740
52078,134308
57436,207483
51549,188459
48687,146947
48439,107291
50424,237336
48377,213021
53662,213083
54453,180391
50200,166223
50080,185558
52567,184762
48184,209337
49431,170837
52115,242968
47393,191767
52450,248106
48795,168607
46013,173081
45326,148432
49179,214464
49781,165151
51534,184750
59890,254032
55847,213316
53822,168834
46463,173867
51867,175686
53356,214619
54019,180312
50036,213540
51788,175467
54964,157506
51136,173673
50681,173387
50019,192292
53377,163036
51148,160453
48906,200329
53751,179689
55186,170425
40618,394506
41799,408162
42866,451233
42538,379634
38820,405780
37095,325071
35374,391896
39862,401626
39340,401018
46559,383470
40025,404936
44461,400247
39204,391220
41050,395586
50880,429073
42478,449687
38446,407359
39739,403186
44968,388863
38775,435588
45175,383440
41444,429790
39459,409068
38733,409037
40210,430185
39382,453067
41211,418466
39721,377839
36115,436327
38307,447616
38383,340506
40222,414685
41195,397796
37740,395123
41723,381303
44291,420573
41539,396940
42079,430901
39779,444527
38580,393101
38457,388523
40206,434868
41499,432597
39291,405103
39615,430329
43914,407748
40124,354085
42422,442208
33602,416862
35135,362910
41354,408517
34177,425156
42481,413300
40267,412615
41911,421655
35460,358760
41068,349328
39902,404042
39225,405478
35394,399967
41147,446824
39715,370362
43111,394746
39524,392783
40046,405703
35409,424230
35242,359750
35883,431609
38703,365758
39501,387179
40054,404212
43506,403802
39443,450912
37644,371957
43346,410297
42662,475977
42424,452915
39652,405610
34763,429109
37479,407601
45167,388347
37368,418326
41261,403902
39242,402295
38986,410718
38302,409854
46835,395883
37333,398565
38387,376230
43481,388041
36886,411216
32105,422497
27679,384458
38319,409869
38134,409680
41552,368125
40428,349685
36792,415238
42205,382193
40733,445969
37391,427628
42226,374345
39272,411341
33658,420977
40173,354294
40185,402867
40133,395538
39390,387227
39918,402459
38951,370897
39985,403574
34365,438750
38874,388465
39824,406245
40072,396769
39907,403968
40207,427626
40590,394724
38399,398245
37223,412488
41808,394699
40030,466024
38045,329635
33834,337961
41117,426853
39244,408539
37523,399429
38533,440797
39776,406712
41429,393146
39484,407130
40225,414628
33291,385678
39651,394572
38847,343648
40556,411933
44481,409502
39365,439272
41522,434798
39662,381952
41689,347737
39898,407667
40427,429948
39785,400846
44719,359893
35042,392503
45185,420873
40256,415798
36275,369848
40718,396576
38013,434251
40916,449719
40547,392374
35903,365793
39861,402424
40871,391412
38222,441817
40375,385539
40054,402390
39382,404314
37394,376926
39018,360941
39177,409868
34250,336320
40192,417123
34240,426090
40532,407466
36948,377148
41611,374296
40116,412142
44293,430123
47836,409520
40131,405195
35746,354094
41761,414816
41728,410881
47004,410943
37882,430343
36922,397853
39791,462032
39733,407010
42781,400178
40170,409924
42617,363147
40141,414503
40982,412908
38606,422517
39825,405428
34635,384801
39773,448097
34884,425164
39476,461494
35725,388075
40226,410395
41523,441297
40444,402466
40822,399767
36904,371649
34311,382074
41675,435776
38710,401925
36820,364844
39375,439738
41862,404382
40266,406054
42774,457110
40535,391545
43218,395118
32293,368566
40271,424367
45602,389630
39545,407822
37794,403683
40757,434017
34826,386451
39196,387214
39257,406460
38023,460907
39815,407081
39994,385908
39879,472619
46753,416014
37775,413906
39872,404179
39671,378698
37758,402670
40899,462226
42337,373970
41286,434751
40316,392159
39516,404189
39934,423786
40924,460295
42951,393708
37060,353215
35673,417826
40814,436628
43636,379677
39929,386712
39608,396707
41920,403389
38385,390984
37025,347498
46019,402706
41804,358461
40850,393942
39761,404912
39266,395873
40673,400918
43904,403700
39242,375266
37912,418858
39197,419802
38927,424006
46890,448885
41060,410653
39655,406492
41779,405673
37597,427549
41437,439977
36836,409733
40208,407514
39975,404222
42484,479570
38186,416651
39460,401451
38952,406500
41814,415328
38746,394402
39138,413273
39143,399819
36522,422531
40718,437102
41593,422485
40203,426039
42851,456990
38239,405483
36816,429422
41863,440000
41167,402377
42436,371987
39415,411676
37154,414612
46062,434107
39971,403257
36187,448199
39342,399084
33368,401078
37787,377550
40511,364266
45239,378671
39788,398501
42408,352640
41749,392231
40285,395579
37649,366302
46068,371809
44957,387141
40532,414743
42048,448078
37797,461076
49255,434649
47732,384551
35974,379592
42965,438596
36181,411086
40066,404811
41041,409414
39216,355397
37614,414107
37146,328177
37959,380662
44823,384406
40415,406324
42061,401526
39898,413427
40053,407020
39153,398743
40818,408351
43592,408504
41109,435389
39831,383357
40929,431539
39946,399410
40047,408327
39969,395271
43143,436764
31212,419763
41105,432808
40161,404245
36445,436191
40783,402474
36786,442851
43787,375761
30872,371721
41899,389541
37149,393120
40742,399155
38074,403860
39999,411205
37721,418429
38020,396671
43603,385951
39521,357805
41513,446807
31501,318367
37242,413163
34096,420480
35476,417464
38716,404027
85465,549222
88926,541423
87082,524625
86802,569296
86136,598127
82514,535997
90664,587296
90639,535803
88789,558572
81777,525600
84406,546029
84897,558706
89713,604582
84512,549830
87224,556733
85781,534525
79426,594573
85712,548151
84278,614034
88997,589361
84113,529745
81356,583156
85560,542414
88755,531797
83703,509264
85203,649724
79379,581315
90445,533427
87972,550246
83908,528460
86936,536868
87187,509094
90099,497149
91954,541255
86052,544023
86304,557890
88980,522039
87903,489881
85291,552112
90384,586229
93266,537069
90850,549611
86753,542290
84461,499013
86200,534006
88398,607581
86426,549505
88306,547498
86087,546516
89556,501871
84334,604964
86405,545894
83088,544022
85881,544904
85356,531620
87379,606643
85921,538040
84184,503359
84271,506205
84790,574114
86385,546898
88891,535805
85504,547633
86310,545783
82974,530312
85060,565348
81027,520837
87910,595389
84040,538772
83836,536676
83745,518745
86151,531277
81605,542574
86253,547936
80855,600511
86257,550965
83201,554080
88240,534710
84002,568424
86503,541150
84659,522941
89022,556874
87313,513309
84662,553552
90577,531812
80321,577565
91418,620056
87751,555087
86119,573954
84099,578455
87564,561262
87678,536438
84950,552769
86697,550375
90638,534459
82272,553764
86165,545794
85699,546255
86508,551012
89568,609341
86780,548156
84632,557586
84005,534876
86047,545982
93782,540173
88653,500026
90413,534915
88054,506175
83349,504718
85497,539793
81873,545052
82559,639465
83803,542999
84621,528037
85079,525740
86404,538985
86981,543227
87930,561548
86056,534839
84608,541026
86015,543055
84729,559228
83823,576018
83730,548214
85309,586321
88432,479802
83897,622330
84290,567914
83249,450680
84494,563321
85957,544625
90840,591215
81984,570485
87562,599766
88778,536497
88461,507507
84985,524682
84674,539481
87063,516603
84311,581603
86971,536928
85764,511640
88157,532467
86023,528054
86196,562885
89873,548642
96195,577029
86687,501919
87479,559085
87423,594786
91550,527751
75817,608152
85951,505303
86103,507671
83788,444574
82767,545966
86996,562146
85815,548242
87744,529137
82183,564313
84637,578530
82948,475863
86050,526669
87869,530134
83731,572687
88677,509047
87980,547494
85967,541785
91068,612854
86086,546060
87411,541972
79014,565157
87398,580836
87374,448214
89478,440382
87431,574582
87990,518647
85146,526597
83901,550376
80809,502521
87950,590791
86472,548447
86604,584750
87615,582116
81925,517655
80727,566392
87203,558924
89426,532597
84675,613846
85047,566230
84977,531138
82358,568458
82320,619103
84371,568319
86102,545953
88974,560547
86278,579661
88083,537039
85437,550707
84261,515205
86072,547751
83102,505776
82924,591428
86038,555572
85334,525893
84911,571562
85616,542249
85387,560250
83880,524944
81456,575281
77329,531652
89151,520429
80588,549492
83343,556713
84343,490725
79135,529644
86515,562132
92024,551171
80877,512952
89891,630099
86370,491401
85723,551055
87741,541536
83882,563842
85403,528890
82447,518063
85736,562228
85643,532452
86211,600081
83928,539324
88537,603686
85918,553000
86502,550686
88200,593653
86102,546004
84677,509036
84462,556401
86106,548327
85434,541611
84408,531300
92399,594948
83215,559403
80320,549001
85661,544008
89728,558004
85121,516166
85853,548576
82800,524067
84932,548496
85827,544519
79387,473793
76661,548142
84772,576707
85841,546935
81684,539239
85268,540692
86192,562723
89238,513991
81174,461099
80015,576217
87013,566584
85949,572224
83022,483466
85067,533083
83463,541216
89905,526048
92548,596955
89314,551400
83949,521150
88343,581923
87338,495161
76501,607246
89857,612291
90677,510158
85832,586062
79590,462864
81263,554848
84684,533595
81081,509540
82619,577784
85655,545271
84862,503773
78429,581417
89061,567037
87093,575427
85116,532382
87154,592403
87033,534303
81958,545900
91264,498734
87021,556246
85327,560714
85731,543529
87851,606677
85805,542933
86037,544804
88811,525539
89287,544283
78877,582930
87531,542259
87524,462524
83583,555864
88582,586348
91670,609548
89399,544467
86635,535933
87224,494281
83237,600070
90230,514170
87729,565604
87363,510687
85481,554389
91566,506439
90584,524809
86206,545736
87198,649086
90082,590250
85941,546754
85598,534803
91608,517633
87487,535143
88596,528959
85343,518568
85517,626376
81424,488483
85728,548467
86548,548920
91368,576892
88027,564545
86138,546835
88095,588608
86897,528502
87223,555834
86186,549168
83695,546244
83687,555991
76954,554722
85507,542557
86812,568529
87885,540155
85226,498220
87412,543036
84664,548548
85151,541076
80688,492319
83177,577161
86025,545444
89242,530999
83844,506780
85329,557685
73088,825972
64523,927201
64556,819480
57332,878802
69369,822637
64941,856993
68455,878573
65665,854609
65150,856097
61840,842859
66728,765619
60099,890782
67446,862486
67669,851597
62068,880813
71659,874975
72140,951880
65709,857640
64469,867371
63360,861482
67364,857346
65718,855509
70824,871834
65908,860560
65781,885904
64284,909185
70930,897538
61050,851476
61264,772280
67319,812941
67326,883727
69445,863981
67886,902492
69001,819280
67798,890077
63999,865965
70925,847444
67979,858680
66435,831472
65916,861665
69238,863386
68807,833905
68050,840053
64184,886745
67329,857105
62221,860015
73655,897961
66823,886696
67501,876331
67590,853961
69509,820091
73028,897070
69171,873426
72240,952207
67860,878004
66415,846474
68811,911574
67449,861230
67538,836312
66463,925795
62633,852383
66969,842110
65317,819935
67426,861435
67740,883871
67221,860894
71595,900724
67423,877152
67981,860064
57850,923881
68038,823757
72062,816515
64021,902029
67177,860357
61800,867493
67262,882986
68026,863401
68210,853708
68104,846975
66856,856554
65695,871011
66229,872590
67395,835926
71854,888401
64859,917839
69912,824089
66836,855686
67586,868784
70009,894685
68315,877209
66135,801817
78909,895634
67333,857517
62745,835854
67205,860501
66504,854911
68358,872374
66883,882598
68251,905902
67123,856653
68022,843225
66224,918050
67496,865594
67921,886670
67622,858214
56786,856582
66822,858122
68224,850176
71226,856869
67132,856592
68059,858526
68309,847245
64681,829778
67563,863416
67755,860007
68365,842406
67819,860537
70074,821557
67905,898217
67636,866112
66530,868551
66577,845662
66045,860658
67011,859029
67206,874862
64430,925034
70457,866263
66566,828338
68057,836946
68205,853410
67254,859978
71308,880834
68096,838864
67415,853540
66490,839150
64190,755287
68361,910782
67696,897430
59472,848457
65874,777680
70034,869730
64043,837036
66851,860048
67266,861428
63800,837697
67307,856021
66877,858570
63687,929410
59961,859210
73931,810528
65493,781879
66309,949045
65873,883214
64796,877873
68269,851115
68473,884934
66762,855461
61628,845406
69716,840318
67923,862389
66426,859029
67412,858589
70096,927047
72339,859761
64823,857418
67789,867053
68082,839011
68075,826912
67382,880137
69489,834591
68358,905984
67160,815681
66974,863109
67465,860894
65973,844127
65615,868643
65325,860766
68413,898331
66651,859837
65523,871554
65359,959882
65928,845579
64642,900526
62758,840406
60454,847329
63131,837043
70551,925936
66289,884734
71808,852181
66631,872311
71008,881600
67443,860605
68582,816579
67885,850293
66942,846395
68704,806921
65798,866945
67648,860779
70406,832648
66917,866011
69378,860206
68302,876064
67095,810768
67413,908464
63766,858741
66432,877878
66402,801796
67280,874378
68512,873363
67449,870664
68460,823981
67776,841641
65157,865180
65072,817440
67447,860330
67302,860593
68341,861559
66963,842011
67436,860819
68736,862438
66268,813662
67324,886958
67431,859933
59558,798572
63676,854047
68555,798742
66394,828490
71718,883275
70690,885612
67598,841317
67197,864630
66936,869654
65121,815098
67676,832479
65787,857942
66582,868934
67490,876286
64000,863831
67281,881943
63480,823669
65859,886551
63946,847461
62541,868848
67226,862875
72317,872525
68809,908495
67341,863889
67978,889464
61582,863168
59867,854219
75325,840123
66943,905798
72684,875488
64844,845340
67411,970756
67555,956849
67745,896720
63400,895206
65374,809028
68242,846881
66663,858686
68248,879399
65683,885944
71825,857481
67259,856928
69399,774817
61239,916853
67144,860206
67140,857240
68962,868984
70457,845515
65223,886054
70592,851313
68231,843851
66713,849230
70789,904500
64934,864613
62999,877765
65954,840985
62127,888326
68230,876841
67974,860939
66304,843538
67287,844123
68994,850548
69625,894819
62937,853726
65803,897179
69680,866039
69966,863774
66969,859388
60650,766728
67247,868765
69701,856357
70826,945359
65318,886417
67452,861127
72919,856897
66316,859429
64484,838626
67279,843231
68067,868629
61449,830844
64667,857872
67924,853941
66569,929571
74994,916922
60236,916673
68453,843821
69430,904062
73171,878998
66771,847241
73038,879136
68936,817577
72874,850843
68394,915579
72246,882675
67051,870010
68325,858182
66928,860515
67535,870850
67344,860643
68732,883004
60347,894573
66971,851017
69336,837786
60553,925341
68707,791051
67238,800443
68304,937776
71357,879202
57166,873544
69526,824882
70265,841548
60161,825604
56441,878492
70377,870419
67493,870112
67314,864863
68105,892766
68332,873932
70101,931252
64567,814395
67736,853471
65904,930099
66542,853940
69182,863963
65066,861267
59964,858702
68409,842566
